
0.106488
0.143139
0.188717
0.222930
0.277149
0.319858
0.364039
0.398436
0.436567
0.481221
0.547510
0.585550
0.643822
0.688049
0.713508
0.722080
0.755723
0.769689
0.794235
0.827788
0.843908
0.879585
0.899833
0.929665
0.948133
0.986676
0.973958
0.992775
0.982480
0.977498
0.967704
0.990996
0.976485
0.980150
0.970395
0.968489
0.956021
0.941746
0.929904
0.905859
0.871399
0.844183
0.822760
0.774900
0.749737
0.719946
0.684160
0.653328
0.611272
0.585180
0.556454
0.519323
0.480536
0.449694
0.403547
0.336349
0.279827
0.222917
0.177912
0.132894
0.106665
0.059529
0.022682
-0.038858
-0.107074
-0.174912
-0.241905
-0.305862
-0.342734
-0.374564
-0.414845
-0.444503
-0.479687
-0.512173
-0.557539
-0.598520
-0.638360
-0.676725
-0.705114
-0.720892
-0.726834
-0.737349
-0.781803
-0.815642
-0.859637
-0.898660
-0.938335
-0.935042
-0.946916
-0.959934
-0.986288
-0.996804
-1.002957
-1.032561
-1.031076
-1.015271
-1.000944
-0.998933
-0.972921
-0.973671
-0.945217
-0.926537
-0.899304
-0.875179
-0.837896
-0.841179
-0.831566
-0.820595
-0.803467
-0.761312
-0.718792
-0.664912
-0.628847
-0.576299
-0.553457
-0.497682
-0.461096
-0.403594
-0.356865
-0.294492
-0.265626
-0.221560
-0.174075
-0.136783
-0.091759
-0.026523
0.026424
0.080041
0.138129
0.166340
0.215667
0.253712
0.292655
0.337807
0.405576
0.441290
0.509648
0.562500
0.591346
0.622425
0.659544
0.665712
0.683447
0.722711
0.767066
0.800787
0.828121
0.862839
0.884877
0.891501
0.913875
0.935944
0.954688
0.959234
0.983955
0.987096
1.003073
1.001701
1.020523
1.003108
0.985150
0.982607
0.975485
0.960433
0.946528
0.950310
0.928534
0.897531
0.873800
0.859761
0.816422
0.793016
0.771618
0.744733
0.711313
0.692191
0.651380
0.623551
0.575281
0.530581
0.494712
0.463579
0.418212
0.374340
0.329613
0.272381
0.201378
0.150598
0.096564
0.059578
0.002071
-0.045987
-0.086842
-0.130216
-0.200348
-0.237465
-0.286959
-0.346025
-0.387008
-0.436997
-0.479588
-0.511101
-0.552989
-0.609607
-0.637094
-0.665224
-0.697241
-0.720740
-0.751220
-0.790183
-0.821002
-0.862739
-0.901795
-0.911645
-0.930362
-0.971738
-0.975425
-0.988299
-1.003137
-1.006315
-0.993449
-0.987491
-0.984715
-0.989786
-0.990873
-0.999787
-1.004708
-0.986223
-0.951726
-0.934802
-0.910319
-0.885645
-0.878482
-0.864664
-0.829849
-0.813613
-0.794472
-0.752706
-0.721517
-0.687581
-0.642105
-0.598081
-0.564932
-0.516671
-0.460966
-0.420113
-0.369079
-0.304901
-0.271441
-0.231795
-0.180964
-0.149656
-0.122961
-0.069061
-0.023753
0.033460
0.089399
0.157860
0.212970
0.255524
0.297932
0.344355
0.383884
0.421553
0.471892
0.510895
0.558121
0.599885
0.650799
0.687358
0.733162
0.760355
0.793770
0.821567
0.849817
0.864280
0.892763
0.891538
0.898002
0.914632
0.925017
0.940960
0.966561
0.979773
0.977182
0.996642
0.989914
0.987918
0.986901
0.982709
0.963668
0.970853
0.956060
0.932574
0.919291
0.917560
0.881835
0.857949
0.837365
0.817518
0.776807
0.743610
0.703341
0.682865
0.640657
0.600776
0.567600
0.524110
0.472813
0.419087
0.354955
0.304282
0.266908
0.207799
0.160373
0.123889
0.075927
0.038340
-0.002075
-0.040818
-0.066630
-0.107626
-0.170310
-0.223085
-0.275048
-0.329029
-0.381580
-0.403565
-0.444520
-0.490141
-0.524219
-0.551361
-0.610676
-0.645701
-0.690795
-0.733336
-0.784134
-0.810994
-0.854888
-0.877476
-0.918336
-0.924965
-0.941165
-0.940129
-0.946463
-0.949970
-0.956317
-0.960449
-0.959863
-0.951979
-0.954633
-0.963097
-0.957964
-0.965496
-0.985262
-0.969176
-0.949913
-0.943010
-0.926479
-0.890368
-0.862511
-0.854129
-0.819667
-0.777583
-0.752683
-0.728907
-0.687061
-0.658543
-0.625740
-0.591695
-0.562048
-0.537954
-0.493804
-0.464404
-0.415170
-0.361098
-0.306849
-0.259124
-0.210226
-0.151115
-0.102718
-0.044662
-0.010924
0.035524
0.086167
0.142867
0.184856
0.259873
0.312162
0.354403
0.374927
0.439572
0.460081
0.521304
0.557513
0.611342
0.622091
0.681693
0.702456
0.753670
0.798620
0.827280
0.851859
0.880060
0.882882
0.895948
0.937680
0.951429
0.958137
0.967756
0.962717
0.971919
0.971291
0.968210
0.992793
0.997383
0.990104
0.987171
0.988907
0.952369
0.942129
0.909094
0.887647
0.871175
0.862357
0.851936
0.856028
0.821645
0.789421
0.759786
0.723919
0.686087
0.661476
0.629802
0.595526
0.545525
0.489281
0.438829
0.386207
0.330582
0.300674
0.256252
0.206795
0.149092
0.104204
0.032871
-0.015054
-0.048181
-0.081194
-0.133730
-0.178107
-0.235730
-0.301802
-0.355534
-0.401127
-0.427293
-0.464436
-0.503490
-0.526911
-0.565816
-0.617441
-0.651259
-0.672967
-0.725243
-0.755395
-0.774370
-0.817589
-0.847862
-0.867259
-0.889921
-0.918259
-0.914378
-0.930419
-0.940472
-0.952059
-0.961511
-0.984746
-0.994233
-0.994177
-0.986888
-0.970137
-0.955358
-0.968447
-0.973502
-0.967051
-0.963588
-0.944445
-0.921610
-0.904937
-0.882697
-0.866370
-0.838260
-0.788934
-0.727548
-0.684153
-0.645142
0.000000
0.000000
0.000000
0.000000