
0.000000
0.049087
0.098175
0.147262
0.196350
0.245437
0.294524
0.343612
0.392699
0.441786
0.490874
0.539961
0.589049
0.638136
0.687223
0.736311
0.785398
0.834486
0.883573
0.932660
0.981748
1.030835
1.079922
1.129010
1.178097
1.227185
1.276272
1.325359
1.374447
1.423534
1.472622
1.521709
1.570796
1.619884
1.668971
1.718058
1.767146
1.816233
1.865321
1.914408
1.963495
2.012583
2.061670
2.110758
2.159845
2.208932
2.258020
2.307107
2.356194
2.405282
2.454369
2.503457
2.552544
2.601631
2.650719
2.699806
2.748893
2.797981
2.847068
2.896156
2.945243
2.994330
3.043418
3.092505
3.141593
3.190680
3.239767
3.288855
3.337942
3.387030
3.436117
3.485204
3.534292
3.583379
3.632467
3.681554
3.730641
3.779729
3.828816
3.877903
3.926991
3.976078
4.025166
4.074253
4.123340
4.172428
4.221515
4.270603
4.319690
4.368777
4.417865
4.466952
4.516039
4.565127
4.614214
4.663301
4.712389
4.761477
4.810564
4.859651
4.908739
4.957826
5.006913
5.056001
5.105088
5.154175
5.203263
5.252350
5.301437
5.350525
5.399612
5.448700
5.497787
5.546875
5.595962
5.645049
5.694137
5.743224
5.792312
5.841399
5.890486
5.939574
5.988661
6.037748
6.086836
6.135923
6.185010
6.234098
6.283185
6.332273
6.381360
6.430448
6.479535
6.528622
6.577710
6.626797
6.675884
6.724972
6.774059
6.823146
6.872234
6.921321
6.970409
7.019496
7.068583
7.117671
7.166758
7.215846
7.264933
7.314021
7.363108
7.412195
7.461283
7.510370
7.559457
7.608545
7.657632
7.706719
7.755807
7.804894
7.853981
7.903069
7.952157
8.001244
8.050331
8.099419
8.148506
8.197594
8.246680
8.295768
8.344855
8.393943
8.443030
8.492118
8.541205
8.590292
8.639380
8.688467
8.737555
8.786642
8.835730
8.884817
8.933904
8.982991
9.032079
9.081166
9.130254
9.179341
9.228429
9.277515
9.326603
9.375690
9.424778
9.473866
9.522953
9.572041
9.621127
9.670215
9.719302
9.768390
9.817477
9.866565
9.915652
9.964739
10.013826
10.062914
10.112001
10.161089
10.210176
10.259263
10.308351
10.357438
10.406526
10.455613
10.504701
10.553788
10.602875
10.651962
10.701050
10.750137
10.799225
10.848312
10.897400
10.946486
10.995574
11.044662
11.093749
11.142837
11.191924
11.241012
11.290098
11.339186
11.388273
11.437361
11.486448
11.535536
11.584623
11.633710
11.682797
11.731885
11.780972
11.830060
11.879148
11.928235
11.977322
12.026409
12.075497
12.124584
12.173672
12.222759
12.271847
12.320933
12.370021
12.419108
12.468196
12.517283
12.566371
12.615458
12.664545
12.713633
12.762720
12.811808
12.860895
12.909983
12.959069
13.008157
13.057244
13.106332
13.155419
13.204507
13.253594
13.302681
13.351768
13.400856
13.449944
13.499031
13.548119
13.597206
13.646293
13.695380
13.744468
13.793555
13.842643
13.891730
13.940818
13.989904
14.038992
14.088079
14.137167
14.186255
14.235342
14.284430
14.333516
14.382604
14.431691
14.480779
14.529866
14.578954
14.628041
14.677128
14.726215
14.775303
14.824390
14.873478
14.922565
14.971652
15.020740
15.069827
15.118915
15.168002
15.217090
15.266177
15.315264
15.364351
15.413439
15.462526
15.511614
15.560701
15.609789
15.658875
15.707963
15.757051
15.806138
15.855226
15.904313
15.953401
16.002487
16.051575
16.100662
16.149750
16.198837
16.247925
16.297012
16.346100
16.395187
16.444275
16.493361
16.542448
16.591536
16.640623
16.689711
16.738798
16.787886
16.836973
16.886061
16.935148
16.984236
17.033323
17.082411
17.131498
17.180584
17.229671
17.278759
17.327847
17.376934
17.426022
17.475109
17.524197
17.573284
17.622372
17.671459
17.720547
17.769634
17.818722
17.867807
17.916895
17.965982
18.015070
18.064157
18.113245
18.162333
18.211420
18.260508
18.309595
18.358683
18.407770
18.456858
18.505943
18.555031
18.604118
18.653206
18.702293
18.751381
18.800468
18.849556
18.898643
18.947731
18.996819
19.045906
19.094994
19.144081
19.193167
19.242254
19.291342
19.340429
19.389517
19.438604
19.487692
19.536779
19.585867
19.634954
19.684042
19.733130
19.782217
19.831305
19.880390
19.929478
19.978565
20.027653
20.076740
20.125828
20.174915
20.224003
20.273090
20.322178
20.371265
20.420353
20.469440
20.518526
20.567614
20.616701
20.665789
20.714876
20.763964
20.813051
20.862139
20.911226
20.960314
21.009401
21.058489
21.107576
21.156664
21.205750
21.254837
21.303925
21.353012
21.402100
21.451187
21.500275
21.549362
21.598450
21.647537
21.696625
21.745712
21.794800
21.843887
21.892973
21.942060
21.991148
22.040236
22.089323
22.138411
22.187498
22.236586
22.285673
22.334761
22.383848
22.432936
22.482023
22.531111
22.580196
22.629284
22.678371
22.727459
22.776546
22.825634
22.874722
22.923809
22.972897
23.021984
23.071072
23.120159
23.169247
23.218332
23.267420
23.316507
23.365595
23.414682
23.463770
23.512857
23.561945
23.611032
23.660120
23.709208
23.758295
23.807383
23.856470
23.905556
23.954643
24.003731
24.052818
24.101906
24.150993
24.200081
24.249168
24.298256
24.347343
24.396431
24.445518
24.494606