
0.044580
0.047534
0.169427
0.103430
0.167471
0.227833
0.275423
0.340493
0.374525
0.381018
0.448738
0.447408
0.531144
0.597798
0.712460
0.638941
0.738768
0.752278
0.725091
0.755323
0.807153
0.808599
0.875007
0.892859
0.835922
0.985538
0.909839
1.024165
0.985200
1.028637
0.921949
1.003924
0.972691
0.960291
0.979666
1.038409
0.931366
0.991017
0.911516
0.970137
0.976068
0.859992
0.931808
0.791288
0.797839
0.839990
0.752873
0.692510
0.665474
0.648884
0.661060
0.598712
0.482230
0.535015
0.505251
0.475409
0.404776
0.328020
0.304279
0.169260
0.192800
0.120227
0.102992
0.079193
0.038111
-0.042878
-0.064009
-0.204706
-0.261890
-0.301077
-0.377842
-0.383793
-0.389069
-0.421041
-0.502481
-0.526130
-0.559713
-0.551502
-0.647868
-0.707385
-0.725333
-0.751538
-0.693444
-0.726759
-0.737095
-0.777907
-0.973812
-0.862637
-0.946735
-0.932211
-0.976279
-0.957346
-0.922011
-1.011825
-1.063978
-1.028860
-0.988110
-1.070034
-1.004399
-0.984953
-0.957223
-0.978054
-0.939978
-1.008148
-0.842684
-0.863823
-0.841887
-0.819353
-0.821735
-0.859099
-0.815758
-0.787029
-0.733713
-0.610960
-0.646499
-0.546359
-0.606704
-0.470975
-0.496750
-0.367620
-0.363431
-0.319192
-0.237332
-0.184884
-0.223290
-0.143101
-0.081768
-0.050873
0.040236
0.102890
0.121633
0.186317
0.239570
0.181291
0.349523
0.311858
0.381031
0.465333
0.520136
0.528092
0.653649
0.645291
0.609564
0.675530
0.713686
0.684487
0.733966
0.805885
0.897307
0.882290
0.821157
0.907556
0.916074
0.930429
0.994158
0.931503
1.001278
0.938801
1.054034
1.009864
1.011388
0.994420
1.032911
0.966956
0.920076
0.998670
0.958810
0.957654
0.897429
0.938987
0.889790
0.803793
0.839002
0.827231
0.722293
0.772762
0.696804
0.704575
0.660130
0.626686
0.568706
0.557657
0.463228
0.436626
0.447344
0.413038
0.330822
0.243869
0.212991
0.161184
0.058023
0.076924
-0.026301
0.028058
-0.126351
-0.182267
-0.127351
-0.243171
-0.322600
-0.311938
-0.429736
-0.422682
-0.448084
-0.572546
-0.524894
-0.587301
-0.632120
-0.731174
-0.709982
-0.665543
-0.747386
-0.749613
-0.883578
-0.904794
-0.819640
-0.956068
-0.944893
-0.932829
-0.998382
-1.026518
-0.974505
-1.009260
-1.007020
-1.014271
-0.962188
-0.944714
-0.995380
-1.032376
-1.019707
-1.006759
-0.969320
-0.902954
-0.859891
-0.935084
-0.884346
-0.845948
-0.867141
-0.790799
-0.761012
-0.803167
-0.750241
-0.658312
-0.634851
-0.591332
-0.575789
-0.530122
-0.492564
-0.393548
-0.312808
-0.371522
-0.274954
-0.171675
-0.226245
-0.114578
-0.117370
-0.118413
-0.038197
0.043251
0.111965
0.168694
0.161280
0.304111
0.318800
0.324735
0.380734
0.393395
0.501758
0.507143
0.576431
0.575750
0.629523
0.710580
0.761712
0.759227
0.804766
0.765491
0.877655
0.900698
0.900474
0.877080
0.907906
0.871530
0.933018
0.983625
0.929005
0.987623
0.999533
0.999077
0.970673
1.026304
0.953982
0.989552
0.993993
0.949714
0.931099
0.989909
0.915584
0.876562
0.883299
0.922448
0.811280
0.796154
0.773644
0.784065
0.718892
0.645295
0.594808
0.671265
0.573026
0.519485
0.479418
0.377354
0.414783
0.304397
0.198823
0.226054
0.190483
0.119239
0.067266
0.016401
-0.013755
0.002550
-0.082838
-0.126449
-0.112659
-0.218732
-0.310872
-0.346711
-0.386264
-0.382566
-0.481485
-0.420797
-0.551487
-0.614370
-0.552957
-0.617193
-0.717375
-0.726610
-0.839842
-0.765662
-0.871182
-0.851676
-0.946080
-0.952778
-0.969964
-0.904327
-0.932677
-0.940900
-0.984448
-0.987498
-0.936060
-0.953341
-0.937969
-0.945028
-1.000767
-0.978379
-0.927679
-0.975626
-1.043860
-0.920336
-0.882062
-0.893166
-0.892973
-0.863301
-0.781054
-0.840149
-0.720858
-0.682554
-0.738798
-0.662177
-0.630916
-0.578268
-0.518541
-0.568571
-0.513942
-0.510449
-0.357518
-0.371539
-0.322402
-0.243583
-0.239205
-0.118891
-0.127047
-0.026847
-0.001598
0.051073
0.049800
0.105193
0.226365
0.281902
0.261019
0.424888
0.366638
0.437566
0.384526
0.584240
0.527437
0.672752
0.618608
0.653675
0.637983
0.825447
0.776568
0.874678
0.878422
0.781287
0.948339
0.917573
0.888787
0.943756
0.989945
1.017083
0.951112
0.936884
0.918562
1.035954
1.013944
0.935708
1.059797
0.941510
0.999559
0.999280
0.944389
0.877109
0.890307
0.834383
0.892047
0.862031
0.833018
0.838201
0.854844
0.720131
0.700914
0.684839
0.658869
0.665682
0.597075
0.542543
0.513460
0.408865
0.384464
0.344812
0.279432
0.235338
0.259326
0.162353
0.097524
-0.009083
0.010898
-0.097335
-0.077276
-0.068110
-0.174145
-0.251782
-0.319221
-0.365390
-0.398473
-0.442804
-0.479749
-0.450047
-0.551106
-0.593743
-0.559908
-0.674276
-0.708173
-0.720197
-0.702282
-0.821288
-0.825037
-0.803045
-0.936294
-0.853647
-0.918273
-0.938346
-0.944735
-0.916890
-0.933850
-0.968538
-0.996283
-0.991994
-1.033065
-0.981287
-0.968256
-0.959838
-0.908237
-0.959172
-1.046734
-0.993531
-0.927583
-0.890921
-0.863456
-0.932559
-0.910164
-0.816387
-0.809282
-0.722909
-0.685929
-0.603231
-0.599413
-0.614230